-0.202226 0.127401 -0.812967 -0.3655168 -0.8442541 -0.3919598
-0.07438301 0.1501163 -0.8825454 0.06585163 -0.6894366 -0.6533954
0.06264925 0.1372765 -0.8387151 -0.001146033 -0.5189518 -0.8117702
0.2346242 0.1295134 -0.8445966 0.1460886 -0.4706032 -0.7400683
-0.2711338 0.28978 -0.8963777 -0.6097011 -0.1872737 -0.6286911
-0.086736 0.326386 -0.9237806 0.08650047 0.1242465 -0.8734329
0.100175 0.2783744 -0.9001838 0.06637044 -0.185067 -0.9645674
0.309307 0.2941117 -0.8834223 0.2432062 -0.2808558 -0.9094253
0.4411463 0.3100153 -0.8347733 0.5753919 -0.2102657 -0.7792459
-0.2496853 0.4291914 -0.8741307 -0.2633673 0.8342149 -0.3356063
-0.1249342 0.499755 -0.8574025 -0.3779526 0.3116112 -0.631671
0.1243055 0.4989189 -0.9233257 0.01557331 -0.01000734 -0.9939927
0.3241932 0.505208 -0.898394 0.2992969 0.05380346 -0.9296834
0.453096 0.4792627 -0.8380895 0.5467105 0.006530499 -0.8284771
-0.0813165 0.7184474 -0.8417545 -0.4878265 0.3578292 -0.7900156
0.0915165 0.7196518 -0.883794 0.02176606 0.4112846 -0.894558
0.2677998 0.656994 -0.8769268 0.2648053 0.4072198 -0.8586453
0.413341 0.670401 -0.825284 0.3640231 0.5396636 -0.7591116
0.1241605 0.8272265 -0.816677 0.1421167 0.5838027 -0.7596654
-0.2392137 0.1267363 -0.6942463 -0.6030595 -0.7560341 0.04502846
-0.06685267 0.05959284 -0.6396147 0.03234898 -0.8556252 0.05023764
0.09353564 0.05935209 -0.6685464 0.1135581 -0.898895 0.1181073
0.3183453 0.08590259 -0.712238 0.05324342 -0.84817 0.009727966
0.467861 0.09238801 -0.6734706 0.214405 -0.5577135 -0.3119376
0.646441 0.096249 -0.649818 0.6181479 -0.3135775 -0.3720834
-0.3084419 0.3094954 -0.6927228 -0.8547689 0.08586173 0.221855
0.5317358 0.2707251 -0.7042132 0.7914823 -0.02441675 -0.3790321
-0.257085 0.513174 -0.7035022 -0.858852 0.1762187 -0.2850931
0.5560928 0.4785008 -0.7334536 0.8080517 -0.09746086 -0.500319
0.6121725 0.5605335 -0.662375 0.9498071 0.1106914 -0.04124696
-0.2393327 0.6938261 -0.6707754 -0.8438743 0.3367885 -0.3737835
-0.181298 0.739761 -0.74005 -0.6777434 0.4163279 -0.6060816
0.3394157 0.7674557 -0.7369174 0.5277769 0.4747803 -0.6824548
0.4796746 0.6873628 -0.7209187 0.5464329 0.6197317 -0.4629605
-0.09312 0.8906264 -0.667574 -0.5708702 0.700874 -0.3986432
0.1182932 0.9478973 -0.7226021 0.03238787 0.7541341 -0.6021034
0.2786712 0.9014636 -0.6994012 0.4301444 0.6014959 -0.6391864
0.100024 1.007452 -0.614007 -0.2098064 0.9264629 -0.3124864
-0.243543 0.18484 -0.442838 -0.8351482 -0.5360034 -0.1234014
-0.08538311 0.0769326 -0.5121465 -0.1223199 -0.7226406 -0.04314632
0.1084769 0.05282346 -0.524313 0.1173011 -0.8859261 -0.1638174
0.265241 0.086902 -0.476765 0.1533574 -0.9749089 -0.0003332011
0.5645785 0.07306542 -0.5182546 -0.0318996 -0.9173633 -0.1085759
0.698105 0.1169288 -0.4930562 0.5844615 0.09378866 -0.4149076
0.828025 0.114299 -0.42113 0.6681176 0.3039712 -0.6791321
-0.2642125 0.3074393 -0.5097765 -0.9487664 -0.2058327 0.06308651
0.5562877 0.2814037 -0.5053554 0.7915671 0.2009085 -0.3713685
0.65785 0.321875 -0.4655434 0.6414784 -0.08718634 -0.7167027
-0.2941398 0.4956694 -0.5005132 -0.9853646 -0.03145443 0.03161713
0.5817635 0.5354815 -0.539551 0.967407 -0.118353 -0.1496602
0.6915329 0.5365763 -0.4620281 0.5858259 -0.09411741 -0.7932989
-0.2614567 0.6894518 -0.4882845 -0.9169662 0.326432 0.184094
0.5488567 0.7228196 -0.5618364 0.6845517 0.4404228 -0.5481945
0.6747407 0.7006934 -0.4590788 0.6056266 0.2919024 -0.715883
-0.224051 0.803977 -0.553367 -0.8395223 0.5339569 -0.1004612
-0.1251893 0.89891 -0.488842 -0.6376045 0.691946 0.1040815
0.3547935 0.9657185 -0.522566 0.4455221 0.8857977 -0.1097093
0.4702327 0.8954047 -0.4857523 0.6001732 0.679687 -0.3864202
0.615071 0.831638 -0.412253 0.4951322 0.6001886 -0.628186
0.0539095 1.011653 -0.49998 -0.2576863 0.9429196 0.05261788
0.2292655 1.009092 -0.5176355 0.1688175 0.9697055 -0.05457424
-0.200455 0.123242 -0.372858 -0.8994192 -0.4333977 0.05667072
-0.1004013 0.08735434 -0.2947353 -0.3529098 -0.6566399 0.2976206
0.039429 0.083941 -0.269383 0.09564222 -0.99144 -0.08887757
0.353788 0.06843509 -0.261468 0.05465174 -0.9554398 0.02155155
0.4810367 0.05543335 -0.3065903 0.2174107 -0.702181 0.02706754
0.688727 0.08398923 -0.2665586 0.2938094 -0.03422676 0.1605935
0.8340158 0.0955755 -0.308215 0.6916978 -0.009250823 0.2232449
-0.2453678 0.303491 -0.332102 -0.9158913 -0.1549218 0.3395062
-0.1635775 0.2596575 -0.216037 -0.764227 -0.2410153 0.5977402
0.5789925 0.248009 -0.2072795 0.707244 -0.3506587 0.5371214
0.6807716 0.2891148 -0.2807432 0.6862973 -0.3167416 0.04523199
-0.2268746 0.501059 -0.2775872 -0.8971357 0.07313089 0.4108143
0.852614 0.4948064 -0.3013867 0.7803178 -0.3732275 -0.4659398
-0.2202453 0.6738 -0.3542847 -0.8033977 0.358253 0.4614689
-0.124039 0.6995684 -0.270218 -0.6678134 0.4781037 0.5549111
0.7843997 0.6784794 -0.3788984 0.609071 0.2491648 -0.7243648
0.8696005 0.652678 -0.3035417 0.8265185 0.1815591 -0.492801
-0.06077633 0.8759822 -0.3037058 -0.5801747 0.5672343 0.5230011
0.09830424 0.9367187 -0.277414 -0.2323408 0.7923524 0.5102943
0.3521727 0.9513707 -0.286824 0.06582861 0.965318 0.07948797
0.5130558 0.9577009 -0.2904718 0.006791628 0.798804 -0.481387
0.7130151 0.8900894 -0.3185342 0.09922908 0.1572691 -0.853867
0.905241 0.8821121 -0.3111845 0.2343157 -0.2753701 -0.7174259
1.035444 0.93177 -0.2440253 0.9128396 -0.1746172 -0.3342081
0.074819 1.005063 -0.39917 -0.1367287 0.9567046 0.2569468
0.5552605 1.044284 -0.22973 -0.5629139 0.4589016 -0.6817864
0.716429 1.094107 -0.2717085 -0.1951206 0.2902131 -0.9093992
0.9217681 1.109684 -0.27765 0.2844691 0.4473371 -0.7231904
1.039807 1.011314 -0.252925 0.8959063 0.2702756 -0.2825641
0.103408 1.324988 -0.202019 0.09000562 0.6015647 -0.7937373
0.257908 1.294036 -0.208672 0.147184 0.3001648 -0.9424638
0.683858 1.226368 -0.2434262 -0.2529424 0.4757393 -0.7208266
0.806883 1.236838 -0.231912 0.2695928 0.8638796 -0.4254782
-0.0785 0.1577295 -0.1627595 -0.6136739 -0.5694768 0.5357279
0.09420846 0.08749566 -0.09643511 -0.1742901 -0.3908203 0.3689837
0.3391134 0.06609732 -0.1131956 -0.195401 -0.7183267 -0.02789402
0.4858611 0.07722457 -0.1292497 0.1507596 -0.4306626 0.009530531
0.6830072 0.08288623 -0.1138858 0.5117354 0.03120218 0.2371933
-0.088366 0.3013024 -0.1038559 -0.712256 -0.2734967 0.6283142
0.1669423 0.3048833 -0.03271667 0.4491871 -0.2468588 0.8542057
0.2992294 0.2705942 -0.07042883 -0.1956737 -0.1374669 0.8179707
0.5198967 0.2652027 -0.066052 0.2893459 -0.3998268 0.5941842
0.69247 0.3116315 -0.1226493 0.4256099 -0.8710598 0.0901942
-0.111218 0.4843907 -0.07966757 -0.7603281 0.003330955 0.6231854
0.240394 0.4604387 -0.01611333 -0.01212768 -0.321333 0.8613143
0.8882951 0.512895 -0.09397583 0.8690149 -0.3828516 0.1634195
-0.06474525 0.6724222 -0.1164737 -0.5518993 0.5676032 0.5619737
0.09130033 0.7000494 -0.07562833 -0.3828011 0.4573874 0.750311
0.213855 0.752185 -0.01775 -0.4804709 0.4495436 0.7530327
0.9020592 0.7349851 -0.1345856 0.8549921 -0.03530885 -0.05606419
0.1300505 0.8483528 -0.1444355 -0.3934852 0.6689842 0.6112878
0.2860554 0.9050919 -0.0845108 -0.4892901 0.7380103 0.4060922
0.4544535 0.9911295 -0.131239 -0.5661266 0.7894242 -0.08212258
0.9482627 0.876225 -0.05624 0.6635453 -0.4733701 0.3970663
1.028685 0.8977525 -0.1204675 0.7380756 -0.3306817 0.3416729
0.4831067 1.13561 -0.1055673 -0.5914307 -0.1941796 -0.3883997
0.9560475 1.134762 -0.07907825 0.8173543 0.382575 0.2859342
-0.012351 1.367341 -0.131451 -0.3261822 -0.6315359 0.7033972
0.124868 1.323456 -0.136036 -0.4116053 -0.5409594 0.019313
0.3204592 1.294082 -0.1014661 -0.08293349 -0.07515194 -0.06171111
0.4945391 1.273338 -0.09625661 0.1328089 0.411222 -0.2181209
0.734246 1.271457 -0.125026 0.01752579 0.9992782 -0.03370121
0.860466 1.249807 -0.077343 0.3800303 0.9229508 -0.06114505
-0.04187767 1.471662 -0.07543967 -0.3908385 -0.06120975 0.3181305
0.0984475 1.496639 -0.100852 -0.04857803 0.3380657 -0.1295282
0.29579 1.448223 -0.107813 0.3267298 0.6156414 -0.01457655
0.1608043 0.07900967 0.03264733 -0.4630384 -0.05319233 0.7131369
0.2919114 0.06777941 0.0356766 0.1728816 -0.07682704 0.5924637
0.5148404 0.05733901 0.044327 -0.1426577 -0.2968332 0.7357097
0.6392887 0.05769534 0.042415 0.4149541 -0.06968145 0.6994439
0.084934 0.3502005 0.0116145 0.09816418 -0.3399511 0.9057736
0.386259 0.377653 0.022986 -0.3325552 -0.6043434 0.7240002
0.530782 0.362586 0.06693533 -0.06745576 -0.7420362 0.63809
0.679091 0.38429 0.062639 0.3747761 -0.7062768 0.5984286
0.0928336 0.5086688 0.041691 0.06701926 0.09604909 0.9207196
0.2992012 0.4956712 0.0437066 -0.5172254 -0.2941777 0.7804828
0.5016202 0.4980574 0.159606 -0.1927675 -0.2608593 0.9026508
0.722477 0.4947083 0.1207941 0.4131665 -0.3960538 0.7528352
0.8289395 0.5184045 0.0570035 0.7032404 -0.3900841 0.5823607
0.041093 0.616851 0.012384 -0.1738671 0.7248092 0.6666498
0.3158967 0.6939756 0.07445817 -0.5200037 0.145031 0.8245866
0.492243 0.6718825 0.1605835 -0.2234886 0.1488682 0.952053
0.750948 0.693064 0.1364385 0.4389825 0.0632349 0.8844426
0.869928 0.6945662 0.03988175 0.8066546 -0.0176078 0.539984
0.3391025 0.8483155 0.0291835 -0.5084867 0.4916111 0.7024689
0.4941762 0.90683 0.0794182 -0.4780225 0.3148038 0.7715508
0.664511 0.8949152 0.1571548 -0.06515484 -0.006583105 0.9577178
0.8801798 0.9059045 0.09604926 0.6183141 -0.1607813 0.6989285
0.5226244 1.131657 0.1095597 -0.4367064 -0.2200665 0.2541471
0.7233764 1.081225 0.144744 0.2057664 0.1791291 0.9458832
0.8809158 1.104217 0.06545784 0.6437224 0.1432068 0.7060345
0.5042939 1.259206 0.1327838 -0.2408176 0.40304 -0.2718155
0.6518185 1.239153 0.114938 0.396442 0.6353624 0.4096403
0.849031 1.235445 0.0350255 0.269493 0.8972753 0.2884618
0.390838 1.166162 0.26731 -0.5504947 -0.8107238 -0.1992049
0.4558945 1.167709 0.298646 0.3667943 -0.6062272 0.5059052
0.2895223 1.275895 0.3389437 -0.7768387 -0.1604013 -0.5565144
0.4649807 1.307533 0.2973315 0.4000052 0.1679514 0.3179529
0.287593 1.401495 0.39655 -0.3697569 0.6681588 -0.6456344
0.3107355 1.196696 0.420916 -0.07087025 -0.6137763 0.3284869
0.1573035 1.347661 0.4876175 -0.9068977 -0.2414059 -0.1602606
0.2702418 1.32221 0.447595 0.07381856 -0.1642695 0.4741979
0.420428 1.374863 0.446525 0.5661097 -0.3521464 0.7453273
0.1800405 1.464983 0.5000325 -0.3398388 0.4108528 0.1190639
0.3146978 1.446352 0.4854662 0.288198 0.3272922 0.3722324